##FastQC	0.11.7
>>Basic Statistics	pass
#Measure	Value
Filename	trim_NG18B_1.fastq
File type	Conventional base calls
Encoding	Sanger / Illumina 1.9
Total Sequences	25000
Sequences flagged as poor quality	0
Sequence length	101
%GC	50
>>END_MODULE
>>Per base sequence quality	pass
#Base	Mean	Median	Lower Quartile	Upper Quartile	10th Percentile	90th Percentile
1	36.53664	37.0	37.0	37.0	37.0	37.0
2	36.40872	37.0	37.0	37.0	37.0	37.0
3	36.54056	37.0	37.0	37.0	37.0	37.0
4	36.59272	37.0	37.0	37.0	37.0	37.0
5	36.57608	37.0	37.0	37.0	37.0	37.0
6	36.54984	37.0	37.0	37.0	37.0	37.0
7	36.47656	37.0	37.0	37.0	37.0	37.0
8	36.55384	37.0	37.0	37.0	37.0	37.0
9	36.52888	37.0	37.0	37.0	37.0	37.0
10-11	36.59532	37.0	37.0	37.0	37.0	37.0
12-13	36.52644	37.0	37.0	37.0	37.0	37.0
14-15	36.534760000000006	37.0	37.0	37.0	37.0	37.0
16-17	36.540440000000004	37.0	37.0	37.0	37.0	37.0
18-19	36.51428	37.0	37.0	37.0	37.0	37.0
20-21	36.51932	37.0	37.0	37.0	37.0	37.0
22-23	36.5048	37.0	37.0	37.0	37.0	37.0
24-25	36.47988	37.0	37.0	37.0	37.0	37.0
26-27	36.461200000000005	37.0	37.0	37.0	37.0	37.0
28-29	36.467839999999995	37.0	37.0	37.0	37.0	37.0
30-31	36.42948	37.0	37.0	37.0	37.0	37.0
32-33	36.44168	37.0	37.0	37.0	37.0	37.0
34-35	36.44768	37.0	37.0	37.0	37.0	37.0
36-37	36.402680000000004	37.0	37.0	37.0	37.0	37.0
38-39	36.40664	37.0	37.0	37.0	37.0	37.0
40-41	36.37464	37.0	37.0	37.0	37.0	37.0
42-43	36.34592	37.0	37.0	37.0	37.0	37.0
44-45	36.380480000000006	37.0	37.0	37.0	37.0	37.0
46-47	36.35456	37.0	37.0	37.0	37.0	37.0
48-49	36.343199999999996	37.0	37.0	37.0	37.0	37.0
50-51	36.32864	37.0	37.0	37.0	37.0	37.0
52-53	36.33208	37.0	37.0	37.0	37.0	37.0
54-55	36.28268	37.0	37.0	37.0	37.0	37.0
56-57	36.289379999999994	37.0	37.0	37.0	37.0	37.0
58-59	36.26804	37.0	37.0	37.0	37.0	37.0
60-61	36.30164	37.0	37.0	37.0	37.0	37.0
62-63	36.25178	37.0	37.0	37.0	37.0	37.0
64-65	36.19546	37.0	37.0	37.0	37.0	37.0
66-67	36.32912	37.0	37.0	37.0	37.0	37.0
68-69	36.26972	37.0	37.0	37.0	37.0	37.0
70-71	36.28808	37.0	37.0	37.0	37.0	37.0
72-73	36.26692	37.0	37.0	37.0	37.0	37.0
74-75	36.202619999999996	37.0	37.0	37.0	37.0	37.0
76-77	36.17856	37.0	37.0	37.0	37.0	37.0
78-79	36.235479999999995	37.0	37.0	37.0	37.0	37.0
80-81	36.21602	37.0	37.0	37.0	37.0	37.0
82-83	36.16196	37.0	37.0	37.0	37.0	37.0
84-85	36.15578	37.0	37.0	37.0	37.0	37.0
86-87	36.2167	37.0	37.0	37.0	37.0	37.0
88-89	36.20098	37.0	37.0	37.0	37.0	37.0
90-91	36.17246	37.0	37.0	37.0	37.0	37.0
92-93	36.21978	37.0	37.0	37.0	37.0	37.0
94-95	36.14644	37.0	37.0	37.0	37.0	37.0
96-97	36.14248	37.0	37.0	37.0	37.0	37.0
98-99	36.104960000000005	37.0	37.0	37.0	37.0	37.0
100-101	36.08686	37.0	37.0	37.0	37.0	37.0
>>END_MODULE
>>Per tile sequence quality	pass
#Tile	Base	Mean
1101	1	0.0
1101	2	0.0
1101	3	0.0
1101	4	0.0
1101	5	0.0
1101	6	0.0
1101	7	0.0
1101	8	0.0
1101	9	0.0
1101	10-11	0.0
1101	12-13	0.0
1101	14-15	0.0
1101	16-17	0.0
1101	18-19	0.0
1101	20-21	0.0
1101	22-23	0.0
1101	24-25	0.0
1101	26-27	0.0
1101	28-29	0.0
1101	30-31	0.0
1101	32-33	0.0
1101	34-35	0.0
1101	36-37	0.0
1101	38-39	0.0
1101	40-41	0.0
1101	42-43	0.0
1101	44-45	0.0
1101	46-47	0.0
1101	48-49	0.0
1101	50-51	0.0
1101	52-53	0.0
1101	54-55	0.0
1101	56-57	0.0
1101	58-59	0.0
1101	60-61	0.0
1101	62-63	0.0
1101	64-65	0.0
1101	66-67	0.0
1101	68-69	0.0
1101	70-71	0.0
1101	72-73	0.0
1101	74-75	0.0
1101	76-77	0.0
1101	78-79	0.0
1101	80-81	0.0
1101	82-83	0.0
1101	84-85	0.0
1101	86-87	0.0
1101	88-89	0.0
1101	90-91	0.0
1101	92-93	0.0
1101	94-95	0.0
1101	96-97	0.0
1101	98-99	0.0
1101	100-101	0.0
>>END_MODULE
>>Per sequence quality scores	pass
#Quality	Count
21	2.0
22	6.0
23	6.0
24	14.0
25	17.0
26	11.0
27	30.0
28	62.0
29	117.0
30	145.0
31	207.0
32	311.0
33	418.0
34	651.0
35	1449.0
36	16157.0
37	5397.0
>>END_MODULE
>>Per base sequence content	fail
#Base	G	A	T	C
1	37.652	9.652	9.32	43.376
2	22.692	14.868	41.336	21.104
3	25.116	19.364	23.372	32.147999999999996
4	28.864	29.584	19.676	21.876
5	28.076	30.104	24.132	17.688000000000002
6	23.544	30.552	25.8	20.104
7	18.532	19.308	43.308	18.852
8	22.192	19.172	30.98	27.656
9	21.916	19.06	33.123999999999995	25.900000000000002
10-11	25.96	29.043999999999997	22.312	22.684
12-13	24.612000000000002	22.18	28.067999999999998	25.14
14-15	24.48	23.555999999999997	27.750000000000004	24.214
16-17	25.291999999999998	24.038	25.898	24.772
18-19	25.018	24.246000000000002	25.779999999999998	24.956
20-21	25.066	24.212	25.991999999999997	24.73
22-23	25.628	24.034	25.813999999999997	24.524
24-25	25.452	24.215999999999998	25.869999999999997	24.462
26-27	25.063999999999997	24.782	25.832	24.322
28-29	25.222	24.776	25.514	24.488
30-31	25.592	24.240000000000002	25.368000000000002	24.8
32-33	25.218	23.976	25.606	25.2
34-35	25.3	24.285999999999998	25.246000000000002	25.168000000000003
36-37	25.582	23.848	25.631999999999998	24.938
38-39	25.387999999999998	24.13	25.576	24.906
40-41	25.336	24.401999999999997	25.432	24.83
42-43	25.694	23.272000000000002	25.794	25.240000000000002
44-45	25.191999999999997	24.25	25.854	24.704
46-47	25.618000000000002	23.855999999999998	25.46	25.066
48-49	25.262	23.946	25.224000000000004	25.568
50-51	25.15900636025441	24.06496259850394	25.51102044081763	25.265010600424016
52-53	25.413999999999998	23.974	25.27	25.342
54-55	25.399015960638426	23.72894915796632	25.415016600664025	25.45701828073123
56-57	25.192503850077003	24.05248104962099	25.564511290225806	25.190503810076205
58-59	25.27	24.23	25.116	25.384
60-61	25.704	24.072	24.98	25.244
62-63	25.215512930775848	24.22545352721163	25.515530931855913	25.043502610156608
64-65	25.95259525952595	23.84038403840384	25.24852485248525	24.958495849584956
66-67	25.557999999999996	23.87	25.062	25.509999999999998
68-69	25.662000000000003	23.848	25.407999999999998	25.081999999999997
70-71	25.45	24.566	25.134	24.85
72-73	25.735999999999997	23.944	25.144	25.176
74-75	25.504510090201805	23.77447548950979	25.456509130182603	25.264505290105806
76-77	25.94103764150566	24.03496139845594	25.125005000200005	24.898995959838395
78-79	25.990000000000002	23.502000000000002	25.174000000000003	25.334
80-81	25.264526452645264	23.672367236723673	25.378537853785378	25.684568456845685
82-83	25.634101456233	23.699791966714674	25.382061129780766	25.284045447271563
84-85	25.814516290325805	23.730474609492187	24.9964999299986	25.4585091701834
86-87	25.554555455545554	24.032403240324033	25.7025702570257	24.71047104710471
88-89	25.87155229313759	24.11144668680121	24.787487249234953	25.22951377082625
90-91	25.304506090121805	23.64047280945619	24.9984999699994	26.05652113042261
92-93	25.420508410168203	23.64647292945859	25.684513690273807	25.2485049700994
94-95	26.024	23.938000000000002	24.604	25.434
96-97	25.634	23.994	24.59	25.782
98-99	25.428	23.982	24.854000000000003	25.735999999999997
100-101	25.87355241314479	23.953437206232376	25.013500810048605	25.159509570574233
>>END_MODULE
>>Per sequence GC content	pass
#GC Content	Count
0	3.0
1	1.5
2	0.0
3	0.0
4	0.0
5	0.0
6	0.0
7	0.0
8	0.0
9	0.5
10	0.5
11	0.0
12	0.5
13	1.0
14	0.5
15	0.0
16	0.5
17	1.5
18	1.5
19	5.0
20	9.0
21	10.0
22	19.5
23	29.0
24	37.0
25	56.5
26	74.5
27	96.0
28	127.5
29	163.0
30	193.5
31	215.5
32	242.0
33	287.5
34	351.0
35	381.0
36	403.5
37	458.0
38	486.5
39	495.5
40	553.5
41	599.5
42	607.0
43	656.0
44	689.0
45	733.5
46	810.0
47	788.0
48	743.0
49	751.0
50	769.0
51	812.0
52	846.5
53	828.5
54	834.5
55	843.5
56	796.0
57	756.0
58	765.0
59	766.0
60	711.5
61	662.0
62	603.0
63	542.0
64	509.5
65	463.5
66	394.0
67	325.0
68	284.5
69	255.5
70	207.5
71	175.0
72	142.5
73	101.0
74	90.0
75	79.5
76	62.5
77	52.0
78	44.0
79	34.0
80	27.0
81	28.0
82	23.5
83	17.5
84	16.5
85	13.5
86	8.5
87	7.5
88	8.0
89	4.5
90	2.0
91	2.0
92	2.5
93	1.5
94	0.5
95	0.5
96	0.0
97	0.0
98	0.0
99	0.0
100	0.0
>>END_MODULE
>>Per base N content	pass
#Base	N-Count
1	0.0
2	0.0
3	0.0
4	0.0
5	0.0
6	0.0
7	0.0
8	0.0
9	0.0
10-11	0.0
12-13	0.0
14-15	0.0
16-17	0.0
18-19	0.0
20-21	0.0
22-23	0.0
24-25	0.0
26-27	0.0
28-29	0.0
30-31	0.0
32-33	0.0
34-35	0.0
36-37	0.0
38-39	0.0
40-41	0.0
42-43	0.0
44-45	0.0
46-47	0.0
48-49	0.0
50-51	0.004
52-53	0.0
54-55	0.004
56-57	0.002
58-59	0.0
60-61	0.0
62-63	0.006
64-65	0.01
66-67	0.0
68-69	0.0
70-71	0.0
72-73	0.0
74-75	0.002
76-77	0.004
78-79	0.0
80-81	0.01
82-83	0.016
84-85	0.002
86-87	0.01
88-89	0.006
90-91	0.002
92-93	0.002
94-95	0.0
96-97	0.0
98-99	0.0
100-101	0.006
>>END_MODULE
>>Sequence Length Distribution	pass
#Length	Count
101	25000.0
>>END_MODULE
>>Sequence Duplication Levels	pass
#Total Deduplicated Percentage	88.36
#Duplication Level	Percentage of deduplicated	Percentage of total
1	89.60162969669534	79.172
2	8.687188773200544	15.351999999999999
3	1.1770031688546854	3.1199999999999997
4	0.29425079221367134	1.04
5	0.11770031688546854	0.52
6	0.04979628791308285	0.264
7	0.022634676324128564	0.13999999999999999
8	0.0362154821186057	0.256
9	0.004526935264825713	0.036000000000000004
>10	0.009053870529651425	0.1
>50	0.0	0.0
>100	0.0	0.0
>500	0.0	0.0
>1k	0.0	0.0
>5k	0.0	0.0
>10k+	0.0	0.0
>>END_MODULE
>>Overrepresented sequences	pass
>>END_MODULE
>>Adapter Content	pass
#Position	Illumina Universal Adapter	Illumina Small RNA 3' Adapter	Illumina Small RNA 5' Adapter	Nextera Transposase Sequence	SOLID Small RNA Adapter
1	0.0	0.0	0.0	0.0	0.0
2	0.0	0.0	0.0	0.0	0.0
3	0.0	0.0	0.0	0.0	0.0
4	0.0	0.0	0.0	0.0	0.0
5	0.0	0.0	0.0	0.0	0.0
6	0.0	0.0	0.0	0.0	0.0
7	0.0	0.0	0.0	0.0	0.0
8	0.0	0.0	0.0	0.0	0.0
9	0.0	0.0	0.0	0.0	0.0
10-11	0.0	0.0	0.0	0.0	0.0
12-13	0.0	0.0	0.0	0.0	0.0
14-15	0.0	0.0	0.0	0.0	0.0
16-17	0.0	0.0	0.0	0.0	0.0
18-19	0.0	0.0	0.0	0.0	0.0
20-21	0.0	0.0	0.0	0.0	0.0
22-23	0.0	0.0	0.0	0.0	0.0
24-25	0.0	0.0	0.0	0.0	0.0
26-27	0.0	0.0	0.0	0.0	0.0
28-29	0.0	0.0	0.0	0.0	0.0
30-31	0.0	0.0	0.0	0.0	0.0
32-33	0.0	0.0	0.0	0.0	0.0
34-35	0.0	0.0	0.0	0.0	0.0
36-37	0.002	0.0	0.0	0.0	0.0
38-39	0.004	0.0	0.0	0.0	0.0
40-41	0.004	0.0	0.0	0.0	0.0
42-43	0.004	0.0	0.0	0.0	0.0
44-45	0.004	0.0	0.0	0.0	0.0
46-47	0.004	0.0	0.0	0.0	0.0
48-49	0.004	0.0	0.0	0.0	0.0
50-51	0.004	0.0	0.0	0.0	0.0
52-53	0.004	0.0	0.0	0.0	0.0
54-55	0.004	0.0	0.0	0.0	0.0
56-57	0.004	0.0	0.0	0.0	0.0
58-59	0.016	0.0	0.0	0.0	0.0
60-61	0.018000000000000002	0.0	0.0	0.0	0.0
62-63	0.026000000000000002	0.0	0.0	0.0	0.0
64-65	0.03	0.0	0.0	0.0	0.0
66-67	0.044	0.0	0.0	0.0	0.0
68-69	0.052	0.0	0.0	0.0	0.0
70-71	0.06	0.0	0.0	0.0	0.0
72-73	0.07	0.002	0.0	0.0	0.0
74-75	0.08199999999999999	0.004	0.0	0.0	0.0
76-77	0.096	0.004	0.0	0.0	0.0
78-79	0.11	0.004	0.0	0.0	0.0
80-81	0.13	0.004	0.0	0.0	0.0
82-83	0.14600000000000002	0.004	0.0	0.0	0.0
84-85	0.184	0.004	0.0	0.0	0.0
86-87	0.226	0.004	0.0	0.0	0.0
88-89	0.262	0.004	0.0	0.0	0.0
90	0.316	0.008	0.0	0.0	0.0
>>END_MODULE
