##FastQC	0.11.7
>>Basic Statistics	pass
#Measure	Value
Filename	NG18B_2.fastq
File type	Conventional base calls
Encoding	Sanger / Illumina 1.9
Total Sequences	25000
Sequences flagged as poor quality	0
Sequence length	101
%GC	51
>>END_MODULE
>>Per base sequence quality	pass
#Base	Mean	Median	Lower Quartile	Upper Quartile	10th Percentile	90th Percentile
1	36.21124	37.0	37.0	37.0	37.0	37.0
2	35.91064	37.0	37.0	37.0	37.0	37.0
3	36.16576	37.0	37.0	37.0	37.0	37.0
4	36.1592	37.0	37.0	37.0	37.0	37.0
5	36.232	37.0	37.0	37.0	37.0	37.0
6	36.21736	37.0	37.0	37.0	37.0	37.0
7	36.12576	37.0	37.0	37.0	37.0	37.0
8	36.16984	37.0	37.0	37.0	37.0	37.0
9	36.2408	37.0	37.0	37.0	37.0	37.0
10-11	36.212	37.0	37.0	37.0	37.0	37.0
12-13	36.222440000000006	37.0	37.0	37.0	37.0	37.0
14-15	36.20948	37.0	37.0	37.0	37.0	37.0
16-17	36.157880000000006	37.0	37.0	37.0	37.0	37.0
18-19	36.11308	37.0	37.0	37.0	37.0	37.0
20-21	36.20492	37.0	37.0	37.0	37.0	37.0
22-23	36.149680000000004	37.0	37.0	37.0	37.0	37.0
24-25	36.12904	37.0	37.0	37.0	37.0	37.0
26-27	36.06552	37.0	37.0	37.0	37.0	37.0
28-29	36.131919999999994	37.0	37.0	37.0	37.0	37.0
30-31	36.075959999999995	37.0	37.0	37.0	37.0	37.0
32-33	36.042159999999996	37.0	37.0	37.0	37.0	37.0
34-35	36.06568	37.0	37.0	37.0	37.0	37.0
36-37	36.05816	37.0	37.0	37.0	37.0	37.0
38-39	36.02008	37.0	37.0	37.0	37.0	37.0
40-41	36.045320000000004	37.0	37.0	37.0	37.0	37.0
42-43	36.001760000000004	37.0	37.0	37.0	37.0	37.0
44-45	35.99012	37.0	37.0	37.0	37.0	37.0
46-47	36.00208	37.0	37.0	37.0	37.0	37.0
48-49	36.01192	37.0	37.0	37.0	37.0	37.0
50-51	35.98016	37.0	37.0	37.0	37.0	37.0
52-53	35.97648	37.0	37.0	37.0	37.0	37.0
54-55	35.94456	37.0	37.0	37.0	37.0	37.0
56-57	35.92288	37.0	37.0	37.0	37.0	37.0
58-59	35.93884	37.0	37.0	37.0	37.0	37.0
60-61	35.85656	37.0	37.0	37.0	37.0	37.0
62-63	35.85276	37.0	37.0	37.0	37.0	37.0
64-65	35.80596	37.0	37.0	37.0	37.0	37.0
66-67	35.83336	37.0	37.0	37.0	37.0	37.0
68-69	35.827439999999996	37.0	37.0	37.0	37.0	37.0
70-71	35.75264	37.0	37.0	37.0	37.0	37.0
72-73	35.74596	37.0	37.0	37.0	37.0	37.0
74-75	35.76404	37.0	37.0	37.0	37.0	37.0
76-77	35.72344	37.0	37.0	37.0	37.0	37.0
78-79	35.76196	37.0	37.0	37.0	37.0	37.0
80-81	35.768879999999996	37.0	37.0	37.0	37.0	37.0
82-83	35.66592	37.0	37.0	37.0	37.0	37.0
84-85	35.70396	37.0	37.0	37.0	37.0	37.0
86-87	35.66196	37.0	37.0	37.0	37.0	37.0
88-89	35.669	37.0	37.0	37.0	37.0	37.0
90-91	35.65	37.0	37.0	37.0	37.0	37.0
92-93	35.6504	37.0	37.0	37.0	37.0	37.0
94-95	35.70776	37.0	37.0	37.0	37.0	37.0
96-97	35.70824	37.0	37.0	37.0	37.0	37.0
98-99	35.58308	37.0	37.0	37.0	37.0	37.0
100-101	35.43284	37.0	37.0	37.0	37.0	37.0
>>END_MODULE
>>Per tile sequence quality	pass
#Tile	Base	Mean
1101	1	0.0
1101	2	0.0
1101	3	0.0
1101	4	0.0
1101	5	0.0
1101	6	0.0
1101	7	0.0
1101	8	0.0
1101	9	0.0
1101	10-11	0.0
1101	12-13	0.0
1101	14-15	0.0
1101	16-17	0.0
1101	18-19	0.0
1101	20-21	0.0
1101	22-23	0.0
1101	24-25	0.0
1101	26-27	0.0
1101	28-29	0.0
1101	30-31	0.0
1101	32-33	0.0
1101	34-35	0.0
1101	36-37	0.0
1101	38-39	0.0
1101	40-41	0.0
1101	42-43	0.0
1101	44-45	0.0
1101	46-47	0.0
1101	48-49	0.0
1101	50-51	0.0
1101	52-53	0.0
1101	54-55	0.0
1101	56-57	0.0
1101	58-59	0.0
1101	60-61	0.0
1101	62-63	0.0
1101	64-65	0.0
1101	66-67	0.0
1101	68-69	0.0
1101	70-71	0.0
1101	72-73	0.0
1101	74-75	0.0
1101	76-77	0.0
1101	78-79	0.0
1101	80-81	0.0
1101	82-83	0.0
1101	84-85	0.0
1101	86-87	0.0
1101	88-89	0.0
1101	90-91	0.0
1101	92-93	0.0
1101	94-95	0.0
1101	96-97	0.0
1101	98-99	0.0
1101	100-101	0.0
>>END_MODULE
>>Per sequence quality scores	pass
#Quality	Count
12	2.0
13	15.0
14	19.0
15	14.0
16	11.0
17	8.0
18	12.0
19	11.0
20	13.0
21	21.0
22	23.0
23	32.0
24	34.0
25	47.0
26	46.0
27	61.0
28	73.0
29	122.0
30	167.0
31	240.0
32	317.0
33	549.0
34	1031.0
35	3353.0
36	15914.0
37	2865.0
>>END_MODULE
>>Per base sequence content	warn
#Base	G	A	T	C
1	35.616273952874344	13.869664359723167	12.221466575989119	38.29259511141337
2	28.78	23.119999999999997	29.092000000000002	19.008
3	26.288	25.163999999999998	22.892000000000003	25.656000000000002
4	29.124	31.696	16.612	22.567999999999998
5	27.755999999999997	33.056000000000004	17.896	21.292
6	22.868	32.924	20.052	24.156
7	21.88	15.315999999999999	35.128	27.676000000000002
8	23.419999999999998	19.468	24.82	32.292
9	25.063999999999997	21.096	25.491999999999997	28.348000000000003
10-11	27.041999999999998	27.96	19.094	25.904
12-13	26.3	22.650000000000002	24.242	26.808
14-15	26.497999999999998	24.722	23.712	25.068
16-17	26.578000000000003	24.715999999999998	23.23	25.476
18-19	26.806	24.568	23.14	25.485999999999997
20-21	26.85	24.862000000000002	22.974	25.313999999999997
22-23	26.586	25.272	22.81	25.332
24-25	26.124000000000002	24.95	23.564	25.362000000000002
26-27	26.398	25.108000000000004	23.036	25.458
28-29	26.296000000000003	24.722	22.939999999999998	26.041999999999998
30-31	26.131999999999998	24.728	23.782	25.358000000000004
32-33	26.19	25.009999999999998	23.052	25.747999999999998
34-35	26.636	24.984	22.97	25.41
36-37	26.064	24.868000000000002	23.334	25.734
38-39	25.978	25.234	23.05	25.738
40-41	26.08	25.040000000000003	23.256	25.624000000000002
42-43	26.484	24.596	23.198	25.722
44-45	26.384	24.814	23.488	25.313999999999997
46-47	26.445999999999998	24.494	23.384	25.676
48-49	26.054	24.81	23.580000000000002	25.556
50-51	25.782	24.826	23.46	25.932
52-53	26.241999999999997	25.184	22.976	25.598
54-55	26.26	24.812	22.98	25.948
56-57	26.354	24.958	22.988	25.7
58-59	26.468000000000004	25.074	22.602	25.856
60-61	25.913999999999998	25.125999999999998	23.168	25.791999999999998
62-63	26.229999999999997	25.546000000000003	22.894000000000002	25.330000000000002
64-65	26.194	25.313999999999997	22.96	25.532
66-67	26.048	24.944	23.046	25.962000000000003
68-69	26.222	25.180000000000003	23.022000000000002	25.576
70-71	26.051999999999996	25.197999999999997	23.022000000000002	25.728
72-73	26.508	24.944	23.1	25.447999999999997
74-75	26.382	25.496000000000002	23.072	25.05
76-77	26.695999999999998	24.822	22.938	25.544
78-79	25.86	25.066	23.458000000000002	25.616
80-81	26.382	25.374000000000002	23.188	25.056
82-83	25.88	25.556	23.146	25.418000000000003
84-85	25.964	25.234	23.016000000000002	25.785999999999998
86-87	25.994	25.507999999999996	23.288	25.21
88-89	26.466	25.028	23.176	25.330000000000002
90-91	25.996000000000002	24.954	23.632	25.418000000000003
92-93	25.816	25.728	23.24	25.216
94-95	26.312	25.369999999999997	22.93	25.387999999999998
96-97	26.464	25.203999999999997	23.194	25.137999999999998
98-99	26.090000000000003	25.438	23.314	25.158
100-101	26.314	25.512	22.874	25.3
>>END_MODULE
>>Per sequence GC content	pass
#GC Content	Count
0	0.0
1	0.5
2	0.5
3	1.5
4	3.5
5	2.0
6	0.0
7	0.5
8	2.5
9	2.0
10	1.0
11	3.0
12	3.5
13	2.0
14	1.0
15	1.0
16	1.5
17	1.5
18	2.5
19	5.5
20	8.5
21	10.0
22	17.0
23	23.5
24	31.0
25	45.5
26	56.5
27	73.5
28	94.5
29	126.0
30	164.0
31	187.5
32	208.5
33	247.0
34	282.0
35	315.5
36	348.5
37	380.0
38	431.0
39	485.5
40	533.5
41	577.0
42	600.5
43	611.5
44	657.0
45	703.0
46	714.0
47	706.0
48	710.0
49	772.5
50	832.0
51	838.5
52	837.5
53	848.0
54	832.5
55	836.0
56	825.0
57	748.5
58	734.0
59	761.0
60	717.5
61	653.0
62	614.0
63	589.0
64	553.5
65	486.5
66	413.0
67	369.5
68	329.5
69	269.0
70	228.5
71	184.5
72	159.0
73	148.5
74	126.0
75	113.0
76	104.5
77	97.0
78	75.0
79	59.0
80	53.0
81	49.0
82	38.5
83	24.0
84	20.0
85	17.5
86	14.0
87	9.0
88	9.0
89	8.0
90	5.5
91	3.0
92	3.5
93	2.5
94	1.5
95	2.5
96	3.0
97	5.5
98	4.5
99	6.5
100	93.5
>>END_MODULE
>>Per base N content	pass
#Base	N-Count
1	0.012
2	0.0
3	0.0
4	0.0
5	0.0
6	0.0
7	0.0
8	0.0
9	0.0
10-11	0.0
12-13	0.0
14-15	0.0
16-17	0.0
18-19	0.0
20-21	0.0
22-23	0.0
24-25	0.0
26-27	0.0
28-29	0.0
30-31	0.0
32-33	0.0
34-35	0.0
36-37	0.0
38-39	0.0
40-41	0.0
42-43	0.0
44-45	0.0
46-47	0.0
48-49	0.0
50-51	0.0
52-53	0.0
54-55	0.0
56-57	0.0
58-59	0.0
60-61	0.0
62-63	0.0
64-65	0.0
66-67	0.0
68-69	0.0
70-71	0.0
72-73	0.0
74-75	0.0
76-77	0.0
78-79	0.0
80-81	0.0
82-83	0.0
84-85	0.0
86-87	0.0
88-89	0.0
90-91	0.0
92-93	0.0
94-95	0.0
96-97	0.0
98-99	0.0
100-101	0.0
>>END_MODULE
>>Sequence Length Distribution	pass
#Length	Count
101	25000.0
>>END_MODULE
>>Sequence Duplication Levels	pass
#Total Deduplicated Percentage	89.384
#Duplication Level	Percentage of deduplicated	Percentage of total
1	90.6784211939497	81.052
2	8.104358721918912	14.488000000000001
3	0.9352904322921329	2.508
4	0.1745278797100152	0.624
5	0.06265103374205674	0.27999999999999997
6	0.017900295354873356	0.096
7	0.008950147677436678	0.055999999999999994
8	0.008950147677436678	0.064
9	0.004475073838718339	0.036000000000000004
>10	0.0	0.0
>50	0.0	0.0
>100	0.004475073838718339	0.796
>500	0.0	0.0
>1k	0.0	0.0
>5k	0.0	0.0
>10k+	0.0	0.0
>>END_MODULE
>>Overrepresented sequences	warn
#Sequence	Count	Percentage	Possible Source
GGGGGGGGGGGGGGGGGGGGGGGGGGGGGGGGGGGGGGGGGGGGGGGGGG	199	0.796	No Hit
>>END_MODULE
>>Adapter Content	pass
#Position	Illumina Universal Adapter	Illumina Small RNA 3' Adapter	Illumina Small RNA 5' Adapter	Nextera Transposase Sequence	SOLID Small RNA Adapter
1	0.0	0.0	0.0	0.0	0.0
2	0.0	0.0	0.0	0.0	0.0
3	0.0	0.0	0.0	0.0	0.0
4	0.0	0.0	0.0	0.0	0.0
5	0.0	0.0	0.0	0.0	0.0
6	0.0	0.0	0.0	0.0	0.0
7	0.0	0.0	0.0	0.0	0.0
8	0.0	0.0	0.0	0.0	0.0
9	0.0	0.0	0.0	0.0	0.0
10-11	0.0	0.0	0.0	0.0	0.0
12-13	0.0	0.0	0.0	0.0	0.0
14-15	0.0	0.0	0.0	0.0	0.0
16-17	0.0	0.0	0.0	0.0	0.0
18-19	0.0	0.0	0.0	0.0	0.0
20-21	0.0	0.0	0.0	0.0	0.0
22-23	0.0	0.0	0.0	0.0	0.0
24-25	0.0	0.0	0.0	0.0	0.0
26-27	0.0	0.0	0.0	0.0	0.0
28-29	0.0	0.0	0.0	0.0	0.0
30-31	0.0	0.0	0.0	0.0	0.0
32-33	0.0	0.0	0.0	0.0	0.0
34-35	0.0	0.0	0.0	0.0	0.0
36-37	0.0	0.0	0.0	0.0	0.0
38-39	0.0	0.0	0.0	0.0	0.0
40-41	0.0	0.0	0.0	0.0	0.0
42-43	0.0	0.0	0.0	0.0	0.0
44-45	0.0	0.0	0.0	0.0	0.0
46-47	0.0	0.0	0.0	0.0	0.0
48-49	0.0	0.0	0.0	0.0	0.0
50-51	0.0	0.0	0.0	0.0	0.0
52-53	0.0	0.0	0.0	0.0	0.0
54-55	0.0	0.0	0.0	0.0	0.0
56-57	0.0	0.0	0.0	0.0	0.0
58-59	0.012	0.0	0.0	0.0	0.0
60-61	0.012	0.0	0.0	0.0	0.0
62-63	0.018000000000000002	0.0	0.0	0.0	0.0
64-65	0.022	0.0	0.0	0.0	0.0
66-67	0.036	0.0	0.0	0.0	0.0
68-69	0.044	0.0	0.0	0.0	0.0
70-71	0.052000000000000005	0.0	0.0	0.0	0.0
72-73	0.062	0.0	0.0	0.0	0.0
74-75	0.07200000000000001	0.0	0.0	0.0	0.0
76-77	0.08399999999999999	0.0	0.0	0.0	0.0
78-79	0.10200000000000001	0.0	0.0	0.0	0.0
80-81	0.122	0.0	0.0	0.0	0.0
82-83	0.138	0.0	0.0	0.0	0.0
84-85	0.174	0.0	0.0	0.0	0.0
86-87	0.214	0.0	0.0	0.0	0.0
88-89	0.25	0.0	0.0	0.0	0.0
90	0.308	0.0	0.0	0.0	0.0
>>END_MODULE
